	K3.H	K3.Z	M2.Middle.L	K3.A	K3.V	K3.K	K3.B	K3.C	M2.Thumb.L	M2.Pinky.L	K3.E	M2.Middle.R	M3.Pinky.L	K1.Space	K1.N	K1.Shift.R	M3.Pinky.R	K3.Enter	K3.U	K3.Q	K3.Space	K1.Y	M2.Index.R	K3.G	K1.G	M3.Thumb.R	K1.R	K1.M	K3.J	K3.Y	K3.T	M2.Ring.R	K1.W	K1.T	M3.Middle.L	K3.I	M3.Ring.R	K1.B	K2.G	K3.W	K3.M	K2.B	K1.P	K2.N	M3.Index.R	K3.L	K3.F	K1.L	K1.H	K1.V	K2.Enter	M3.Ring.L	K1.C	K3.O	K2.F	M9.Middle.R	M9.Ring.R	M9.Thumb.L	K1.Q	K2.Y	M3.Middle.R	M9.Thumb.R	M3.Thumb.L	M2.Pinky.R	K3.Shift.R	K3.Shift.L	K2.E	M9.Pinky.R	K1.X	M9.Ring.L	K2.S	K2.H	K1.E	M2.Thumb.R	M2.Ring.L	K2.C	M9.Index.R	M2.Index.L	K2.V	K2.O	M9.Index.L	K2.W	K2.D	M3.Index.L	M9.Pinky.L	K3.S	K3.D	K2.X	K2.A	K2.P	M9.Middle.L	K2.M
K3.H	0.0	0.523521560378	0.67276368783	0.586569601744	0.534156376027	0.531323926014	0.514936137185	0.62665457624	0.651521774552	0.625037698851	0.6915950866	0.561057061446	0.673775644709	0.691528605737	0.772767774737	0.661774036716	0.607096844658	0.489274120641	0.478237821392	0.564298656849	0.506312512406	0.632001177952	0.61899691956	0.531848562993	0.607483460257	0.645219771194	0.689288557361	0.631371159709	0.456451162043	0.445134243823	0.532977880697	0.629701379597	0.657605394241	0.635455591101	0.680764432472	0.496217811476	0.585863710143	0.606173694295	0.682472169118	0.546221553136	0.552734075644	0.725479685452	0.628579738268	0.653858094414	0.664090204584	0.567672376963	0.568116518135	0.6615704389	0.679950455261	0.654727117786	0.710533226225	0.635021122136	0.73090088235	0.524335773765	0.687993996362	0.70707425284	0.648436956606	0.715458433922	0.635989803432	0.736642576937	0.679073736601	0.618983065491	0.70844215124	0.592271286998	0.50006743377	0.477678761175	0.746765891441	0.71093420654	0.646987710532	0.700469945889	0.663636231129	0.758818122734	0.653579441647	0.645800645256	0.669083405303	0.691642195197	0.658213352334	0.617110895089	0.693752965653	0.69060155292	0.679284684378	0.762573669331	0.72617776173	0.639747977173	0.686496623545	0.563084546632	0.58738509374	0.686068026089	0.701319303454	0.735063417891	0.746752464594	0.662689091657
K3.Z	0.523521560378	0.0	0.533294003006	0.448657006845	0.429814862008	0.472245250841	0.493453959783	0.469345515152	0.55187520584	0.56927912509	0.527123136884	0.501940288959	0.654684206785	0.723923714997	0.747400249786	0.651417545675	0.642025434003	0.473600977608	0.468137563838	0.384565642041	0.404347839591	0.640523001719	0.618189894311	0.512263102891	0.679808472192	0.676781312687	0.713402523625	0.652120318575	0.518719462695	0.522486659409	0.458038856556	0.570451816593	0.661867953174	0.707054406636	0.681707765764	0.45569081162	0.729477787347	0.637702980167	0.694599732253	0.399383387406	0.552326210861	0.770320133627	0.626895209434	0.603722614334	0.671875033006	0.575991425731	0.36443751584	0.707592406196	0.678116754017	0.665607364613	0.71871365539	0.74598403424	0.714814978601	0.531311841062	0.753805147393	0.723271936383	0.667569194461	0.713736398978	0.638047376734	0.744541844609	0.696775501968	0.666578796151	0.69858739092	0.562941340938	0.372273006564	0.488666969892	0.732571833603	0.743221102163	0.689458513578	0.706068092361	0.698932345571	0.775166307657	0.643569510159	0.635271620997	0.578091748755	0.700303247846	0.68935119276	0.533861477312	0.760089876061	0.675055103086	0.706578213983	0.788066350215	0.694600078927	0.712015048537	0.737734208338	0.433559297813	0.432857500683	0.699578045936	0.690341380264	0.733209554095	0.763628427375	0.694686255474
M2.Middle.L	0.67276368783	0.533294003006	0.0	0.444066361153	0.516096879153	0.487024559611	0.497323489006	0.4498772032	0.353094048784	0.466163619777	0.446191493636	0.516646182025	0.672450568941	0.78172766321	0.773491559124	0.680220459974	0.712903612522	0.554503483722	0.548262131513	0.582547986328	0.58532973595	0.692963387481	0.615895017685	0.600942713852	0.751074302357	0.730019170066	0.721671882982	0.708488799383	0.640356419887	0.6327342744	0.476048777069	0.512993013769	0.655934705809	0.727423755369	0.681161943851	0.620679365182	0.788824607849	0.735430828955	0.728482117696	0.55263467561	0.64525010937	0.795740220591	0.676455669464	0.694316021072	0.67170223142	0.583528827605	0.574805423106	0.780484973192	0.740840305118	0.723405311492	0.771733039678	0.744712129469	0.761378790417	0.574377629077	0.775472381696	0.730797740064	0.729664053382	0.634620500436	0.675699299445	0.745454186244	0.709119640771	0.745123301847	0.704369082294	0.573123602194	0.479247379309	0.57839384517	0.806437655846	0.706847280741	0.743996812893	0.759066397087	0.745919375515	0.814267648039	0.701561221657	0.611691058745	0.319511718368	0.738589859577	0.657523190515	0.456590663487	0.730686074637	0.747158314725	0.677745634592	0.763109511006	0.763158703284	0.786193985272	0.791329754428	0.51950309351	0.407446792577	0.750099457156	0.736669030395	0.780112075087	0.796599470083	0.694161713602
K3.A	0.586569601744	0.448657006845	0.444066361153	0.0	0.501333697387	0.477483652363	0.511254732124	0.476761170588	0.516170143658	0.571112438618	0.526521002661	0.531482655386	0.653527669202	0.747747676603	0.740902589656	0.664810503483	0.63574105119	0.518225496398	0.486231881364	0.518953475728	0.511321562297	0.64762724735	0.637697030404	0.562113358558	0.720355037408	0.697694048135	0.65562344348	0.636718337661	0.540545191398	0.511944887201	0.481467163965	0.53933467443	0.640600124662	0.701382734426	0.680170135092	0.524537365519	0.72657962326	0.664599414426	0.68424536315	0.464593432329	0.56183747332	0.785073347712	0.6215245067	0.64311022576	0.630014708445	0.535235854943	0.438500226505	0.71743541815	0.675189264128	0.641291355614	0.726459174554	0.708643203687	0.728542934876	0.485705641915	0.750604379001	0.665259707026	0.638225516569	0.674966433509	0.59172269794	0.760098561781	0.664625495476	0.726763837473	0.652399333502	0.507852954382	0.443851295056	0.455229400284	0.743720673882	0.688351984559	0.714512597851	0.69786504003	0.706535582519	0.781053653575	0.647126841556	0.630480693895	0.524128162621	0.696992879065	0.647823223506	0.498879592211	0.720115520022	0.720780140299	0.650310383574	0.747821356134	0.685056561204	0.72723835128	0.732638818931	0.46613815934	0.482639454979	0.726119891093	0.69578095492	0.724856234156	0.731951588596	0.666765069805
K3.V	0.534156376027	0.429814862008	0.516096879153	0.501333697387	0.0	0.497413304327	0.40077230322	0.436971935442	0.554237100003	0.503114419374	0.556566621776	0.414289173722	0.610978160547	0.718190713901	0.7412304493	0.606942499769	0.63652404249	0.433948987543	0.420896872381	0.40680996015	0.452356133257	0.615756768162	0.533434397899	0.418719109978	0.680477380214	0.656951533787	0.695356350156	0.652225157207	0.484870761713	0.564482964585	0.392400626158	0.542557844194	0.633540504323	0.715188770196	0.644012617559	0.50803464903	0.696877095247	0.630032422529	0.683366636346	0.500944856766	0.513634418373	0.761493923665	0.615966754508	0.634302698292	0.655016285479	0.557166597924	0.466745764537	0.707002847297	0.694196722591	0.677277572993	0.729859091757	0.742504464388	0.741568782787	0.519268394682	0.748791430042	0.706636152294	0.654877436308	0.669778966836	0.661327142448	0.734709310143	0.659071253371	0.593082793067	0.691310559113	0.540449775539	0.376731588425	0.476696632266	0.756631022856	0.727288173778	0.644256218287	0.688363511274	0.712370709683	0.789868309233	0.647148009109	0.523230882649	0.597194424183	0.742416640231	0.653776152213	0.46916781489	0.711659413463	0.689797234494	0.640052707647	0.783688179393	0.685148568628	0.698486712771	0.659893510941	0.496302898006	0.425855508757	0.704479145987	0.66726769778	0.722872223741	0.74613303344	0.708571483383
K3.K	0.531323926014	0.472245250841	0.487024559611	0.477483652363	0.497413304327	0.0	0.422457940513	0.44107553051	0.523234831791	0.527498870205	0.50944130791	0.504983481793	0.653991202685	0.738347770261	0.759969332503	0.661372381286	0.670837153815	0.454445375484	0.434832188328	0.529517684887	0.50722702548	0.642186712804	0.600391167497	0.488744354599	0.664498378912	0.643966806305	0.683226786044	0.678839488234	0.549411929646	0.575788693362	0.483684372685	0.529593745205	0.612436816906	0.689905732959	0.683793643058	0.528683408569	0.748857544698	0.663101649241	0.653626601732	0.484299756919	0.556966473377	0.741813898704	0.635372937567	0.623735529975	0.64139474473	0.553507137001	0.510221972335	0.731495564842	0.697221892141	0.690591665502	0.67510648747	0.705859206627	0.749892554241	0.532846667385	0.736082131879	0.651613666097	0.625132710105	0.640475804117	0.644869120462	0.698245869842	0.686329166965	0.604754953648	0.662821600824	0.573118910958	0.46811444029	0.458536914898	0.75101985589	0.651167409235	0.664774326195	0.689465734808	0.678554009966	0.73945991521	0.65062516013	0.602279957155	0.495228978268	0.708005076126	0.550518896152	0.543189325017	0.718703054196	0.685658173549	0.681406859513	0.70106132183	0.711359939194	0.729621159317	0.730786522218	0.512851889376	0.462051125369	0.70234737763	0.721515101122	0.727766709198	0.755623395929	0.646509995113
K3.B	0.514936137185	0.493453959783	0.497323489006	0.511254732124	0.40077230322	0.422457940513	0.0	0.45613828622	0.492150749442	0.477927511615	0.553687403744	0.460639000105	0.618328713363	0.701574637251	0.718817213637	0.630349647819	0.632750819337	0.397688529901	0.385466474477	0.439447968106	0.464551524004	0.603865526832	0.529225394561	0.481650396974	0.670721456304	0.651778095307	0.681440792302	0.656605329635	0.545430695889	0.55676182379	0.448965068103	0.500592404381	0.653431670642	0.711660662237	0.653479144556	0.483516843489	0.680591898556	0.639878425112	0.672625287697	0.508864679688	0.533108967345	0.720786021387	0.612966591691	0.645419619792	0.635403666854	0.539729710361	0.491583335979	0.709441169705	0.703884809053	0.698604208668	0.691322851044	0.704395016954	0.748660091039	0.484728486808	0.739124882351	0.699752384704	0.650006312436	0.649372643975	0.640071258099	0.728012200599	0.63684894159	0.596069419258	0.686683128383	0.566743384603	0.413447352731	0.477482720634	0.756914841017	0.684563666017	0.648688793869	0.655358143842	0.72260024929	0.768256768081	0.650114632333	0.526113105494	0.528890659409	0.749848652374	0.596823621155	0.468247620372	0.687837326919	0.690936279077	0.67398078727	0.74352738701	0.69978142313	0.706471467777	0.685300854769	0.474656373609	0.434805837668	0.723919270663	0.679777115933	0.738917874297	0.735847719979	0.683968826485
K3.C	0.62665457624	0.469345515152	0.4498772032	0.476761170588	0.436971935442	0.44107553051	0.45613828622	0.0	0.48302516188	0.531990567728	0.395032655913	0.475915639123	0.689065424681	0.782275099367	0.787128187377	0.69640427619	0.711457844237	0.49470345316	0.512863256931	0.479619782783	0.498269254287	0.703298723101	0.567052993096	0.513947044878	0.711101360447	0.734773542818	0.747334348819	0.728791216708	0.573695099702	0.608441946843	0.501855412454	0.534769194976	0.69970296044	0.759451553617	0.72067645559	0.537631210722	0.774924503631	0.698082062662	0.741654307464	0.451498145449	0.657205603647	0.801918481618	0.67839134526	0.708720362566	0.703656322586	0.592896501827	0.505072970217	0.790890392014	0.75762555387	0.745140890859	0.776350213736	0.753271398243	0.785617459241	0.556795536526	0.800004295774	0.7502952435	0.723173829295	0.707057986942	0.694515350042	0.783946523922	0.721086397047	0.709012758575	0.73559866224	0.612378373096	0.424683954582	0.549604213156	0.790595909458	0.739773897563	0.727143071877	0.748496569952	0.760298434782	0.816541339339	0.706011831225	0.583634182873	0.542419786314	0.785317017499	0.696465971234	0.457736534443	0.768622479549	0.761028457254	0.72397538249	0.798567609316	0.768544487032	0.762404331809	0.74207391028	0.479344844186	0.399068284079	0.765418435171	0.744151892162	0.7816737405	0.78176814429	0.748575224306
M2.Thumb.L	0.651521774552	0.55187520584	0.353094048784	0.516170143658	0.554237100003	0.523234831791	0.492150749442	0.48302516188	0.0	0.515084139128	0.457610458413	0.525742849731	0.669279804313	0.795864092177	0.786570905049	0.700219814925	0.721469278523	0.571496939971	0.570532447166	0.606284519598	0.598342658208	0.706081532881	0.652826955422	0.61417729793	0.739646152056	0.754147946797	0.738033172908	0.712834613157	0.630859007413	0.676245534939	0.546208275374	0.517423395787	0.682917436207	0.717555983398	0.698726148633	0.632587123984	0.775069218461	0.751615210283	0.753979576787	0.545138794846	0.699491491224	0.807733474819	0.675335465803	0.693685215351	0.683107732981	0.569688406757	0.589542065651	0.790122589236	0.770808773863	0.745227094473	0.801565689929	0.73845598031	0.778824927699	0.617167685993	0.79276903961	0.727531256292	0.733298936363	0.648777203741	0.665785757098	0.749875263543	0.719649488583	0.737002395637	0.727731541484	0.620248268054	0.509635056335	0.576765276916	0.807616935021	0.7170511995	0.749300361549	0.772105065207	0.753805267713	0.828939105016	0.703620963266	0.62260826019	0.408206143443	0.752121067344	0.673815253163	0.542221372339	0.727162906154	0.75607283962	0.670702993609	0.790885424438	0.792418646161	0.774159603386	0.788922248922	0.542628604395	0.424713265773	0.74944280529	0.757560927171	0.776537523072	0.802570719827	0.707700732039
M2.Pinky.L	0.625037698851	0.56927912509	0.466163619777	0.571112438618	0.503114419374	0.527498870205	0.477927511615	0.531990567728	0.515084139128	0.0	0.568408446919	0.551320248897	0.615288555472	0.712857394879	0.725673025831	0.636731077824	0.627009397457	0.507449446859	0.538996955794	0.515787745909	0.60413019523	0.607980926961	0.569937543153	0.595103319711	0.694045728905	0.677249334991	0.724719159654	0.686200120725	0.617783889878	0.649095753517	0.48066469633	0.473407229823	0.644917668441	0.699265108241	0.64928657578	0.60801797311	0.70271927663	0.64310754686	0.686920040477	0.516471578989	0.559671841752	0.703536109354	0.634736480408	0.620801308162	0.644471522446	0.559083208085	0.598264084662	0.701467688574	0.708302801499	0.717755116258	0.703080871181	0.728097124608	0.768831749711	0.563521728109	0.754777118568	0.74624943296	0.702136872477	0.590837208056	0.654992904175	0.711693934634	0.657508284548	0.614958384464	0.7256483014	0.568068267932	0.484953170399	0.578086258205	0.767476981251	0.658296406473	0.68218290698	0.674669774784	0.703738982655	0.769308979935	0.668941746075	0.537722826411	0.511278611693	0.73747435274	0.646759399809	0.42828854741	0.628137660441	0.686111912316	0.650833769327	0.778668079305	0.702622039992	0.726148096687	0.700377277756	0.570213200307	0.489453037883	0.687726472375	0.747538551244	0.737667890584	0.7239538876	0.661062328898
K3.E	0.6915950866	0.527123136884	0.446191493636	0.526521002661	0.556566621776	0.50944130791	0.553687403744	0.395032655913	0.457610458413	0.568408446919	0.0	0.607760242194	0.673348885053	0.842762083891	0.824641398418	0.717385543265	0.747869919174	0.577442540171	0.570528441825	0.552776008037	0.574542813006	0.780167825408	0.690344791987	0.604947780796	0.767864505835	0.804543232206	0.741263684349	0.766239774028	0.628461067923	0.651595576232	0.574980538637	0.601108046302	0.752971615451	0.764665593756	0.700577840786	0.566463403984	0.795551599517	0.750569011	0.792550410371	0.518380502615	0.702795294434	0.842628539083	0.702694095701	0.745744759465	0.736873283489	0.613286317454	0.492597003592	0.815170765267	0.798363930892	0.751818069543	0.825042890145	0.793605619861	0.819035039461	0.655147466373	0.82731566518	0.770970905842	0.772154848744	0.706524457288	0.724688919364	0.808548714135	0.714795532228	0.762781312757	0.74991168629	0.680289705705	0.511851051801	0.610290725537	0.848701009704	0.754714191122	0.778067627581	0.804493254678	0.786174684136	0.865645812231	0.755931933033	0.692035583135	0.501040123105	0.80730383207	0.749868583951	0.545318234159	0.793389799417	0.808656877536	0.72788526236	0.835086965858	0.815975546699	0.8144767392	0.780239239637	0.500097781751	0.390764778559	0.801345633969	0.758312831062	0.833829263227	0.843828597316	0.761989120212
M2.Middle.R	0.561057061446	0.501940288959	0.516646182025	0.531482655386	0.414289173722	0.504983481793	0.460639000105	0.475915639123	0.525742849731	0.551320248897	0.607760242194	0.0	0.624392620705	0.718450090423	0.719062432178	0.613517240445	0.604953998068	0.460360546131	0.450883361332	0.53102885913	0.514833485999	0.581353143266	0.490008824927	0.528527906183	0.65845637851	0.61306241838	0.664373480648	0.600416987657	0.532025971003	0.570368687759	0.48529651856	0.455302661191	0.646825643255	0.660838683748	0.627766200009	0.536890418582	0.69695072001	0.629494652073	0.641728792171	0.503582824524	0.564360961117	0.731251897434	0.631519532069	0.552687713311	0.607534767284	0.530030746622	0.523841160476	0.699262310533	0.673832266977	0.657003857134	0.681154928621	0.725911299539	0.711798362	0.552886077341	0.724004266643	0.649011350249	0.630874668434	0.613904787658	0.591341681859	0.690460524254	0.626440050311	0.613655003312	0.684019148264	0.515707854792	0.456528718084	0.463262680739	0.754397628862	0.681879117681	0.633707456034	0.671818366671	0.698768807097	0.73662291378	0.614960803963	0.518628701138	0.570945384293	0.693102296761	0.599626454928	0.449887597733	0.690583436521	0.681323566043	0.654844919145	0.755992604871	0.68383762352	0.668822694344	0.65323431385	0.538310417229	0.525727651685	0.663399660224	0.658210470263	0.6844593071	0.71105322024	0.659656294993
M3.Pinky.L	0.673775644709	0.654684206785	0.672450568941	0.653527669202	0.610978160547	0.653991202685	0.618328713363	0.689065424681	0.669279804313	0.615288555472	0.673348885053	0.624392620705	0.0	0.619109903014	0.589843218775	0.453562239494	0.498457990665	0.616099615885	0.603919993556	0.655482954439	0.683523385334	0.518250262474	0.634601806856	0.6723268958	0.651316050657	0.581943129989	0.56076934037	0.564276632846	0.689726226726	0.64391647996	0.61719868683	0.618758962402	0.567686589558	0.64161152647	0.449663567091	0.57091244013	0.597414128915	0.624107159014	0.696089513844	0.6448016905	0.617966306961	0.723116336661	0.508355885352	0.627477255577	0.54435170745	0.588668821428	0.623576975235	0.485790349763	0.55794127162	0.535043497213	0.695595519147	0.690406910172	0.66820171657	0.675598883329	0.696955539983	0.66658843297	0.628307089401	0.628151454627	0.556224200071	0.720178252132	0.487487631077	0.628998748084	0.577310457428	0.636176448415	0.599746159752	0.5962866055	0.696076780122	0.681355360992	0.633067504007	0.618995758259	0.646596021194	0.769209767147	0.556503956369	0.719111120008	0.702450277309	0.716175009946	0.637558116917	0.628211936808	0.717716653974	0.641086375755	0.677955258988	0.76595757444	0.667065073978	0.585700237677	0.6152904215	0.640897654671	0.711027901319	0.631941551438	0.604561834019	0.603077401664	0.724444023572	0.610317199112
K1.Space	0.691528605737	0.723923714997	0.78172766321	0.747747676603	0.718190713901	0.738347770261	0.701574637251	0.782275099367	0.795864092177	0.712857394879	0.842762083891	0.718450090423	0.619109903014	0.0	0.530269570885	0.588698343265	0.5841034528	0.666911752133	0.684592658389	0.711991412407	0.695805536299	0.548402151445	0.679839877101	0.667569842291	0.572697421264	0.45687353892	0.512712199568	0.597368545059	0.727070170583	0.705635072678	0.682208106869	0.727875172532	0.512594483341	0.696950163046	0.586357109672	0.693574973116	0.571772718243	0.600623017158	0.510756611176	0.670263709354	0.583245019076	0.635964838739	0.617195372967	0.600745259489	0.572753893426	0.629299905037	0.706415402194	0.506678024636	0.52499160215	0.533357790172	0.536722539369	0.665694402761	0.569718276196	0.633700177414	0.58411192583	0.690748055905	0.708660313404	0.698770870443	0.600191271372	0.730436999706	0.53252892026	0.636509401356	0.516984983822	0.679153763579	0.694134068077	0.707549878667	0.561827708226	0.697108005571	0.545206026475	0.637753470345	0.687481846671	0.542522427909	0.54985984988	0.686313076506	0.757665491329	0.678699719812	0.63049266012	0.720601108842	0.614150438026	0.621311435691	0.72570170487	0.606486130015	0.530120248838	0.600285720692	0.708553059192	0.695466450086	0.795739515837	0.660766356144	0.637535873942	0.623887855037	0.599994534324	0.644438858042
K1.N	0.772767774737	0.747400249786	0.773491559124	0.740902589656	0.7412304493	0.759969332503	0.718817213637	0.787128187377	0.786570905049	0.725673025831	0.824641398418	0.719062432178	0.589843218775	0.530269570885	0.0	0.608379003307	0.59731226415	0.715464597076	0.680175901903	0.751603620727	0.756069999333	0.630709302618	0.643632368122	0.739843876737	0.667291790434	0.564901592834	0.495674430509	0.563824823128	0.770452461142	0.722669095756	0.729909602644	0.691821710347	0.591761530655	0.759572701182	0.636648690496	0.687444501324	0.600481013428	0.617365959582	0.623276269975	0.723134973066	0.697606836455	0.683020515586	0.624130703786	0.61839439333	0.61470979696	0.668728567643	0.738097507689	0.588236662928	0.544210914889	0.600181846889	0.617130926313	0.703603654236	0.566578249337	0.700128751857	0.586349471132	0.727609076957	0.7195579062	0.67074489658	0.639145567175	0.752584565705	0.598505488776	0.690610980105	0.531356585758	0.680372194149	0.733801379829	0.700186115092	0.615659413658	0.670369113908	0.681626855297	0.552392624703	0.648012701794	0.685730885891	0.626184300388	0.753489681077	0.759624515861	0.77098904101	0.684117703291	0.737457681311	0.717575096354	0.639087752311	0.788858654707	0.663509280825	0.56020749434	0.617769203512	0.737898158112	0.720228308151	0.805158402187	0.723114122386	0.600676186812	0.641426731005	0.667123553372	0.696884474647
K1.Shift.R	0.661774036716	0.651417545675	0.680220459974	0.664810503483	0.606942499769	0.661372381286	0.630349647819	0.69640427619	0.700219814925	0.636731077824	0.717385543265	0.613517240445	0.453562239494	0.588698343265	0.608379003307	0.0	0.480967931628	0.603256026066	0.591019724887	0.667308185784	0.645624403572	0.501770972858	0.647011606643	0.635999982182	0.611614828858	0.51919611415	0.533017315162	0.554510451337	0.669111154421	0.667503841878	0.559962578228	0.623078035719	0.527773744764	0.623776822556	0.453364718498	0.573638780554	0.594829689579	0.567508099352	0.642642369272	0.626715990016	0.627689237874	0.728268311294	0.492794838827	0.597076978406	0.556787987671	0.581109687197	0.618665689121	0.534451864099	0.564582522031	0.5566750346	0.684716344411	0.710257557121	0.646491025823	0.627993077335	0.688373108364	0.640819187658	0.628405554975	0.637853356202	0.544805818944	0.715750554452	0.504208809651	0.596825880229	0.59791276493	0.618977157458	0.605487815052	0.617753400426	0.710718201056	0.666580220807	0.592101994524	0.620869690919	0.636790512305	0.727749413137	0.538179161469	0.6645313879	0.723632766789	0.694925693396	0.631433381788	0.632658534826	0.686285522993	0.660100203282	0.707253374906	0.754166064982	0.642001027174	0.534314785909	0.591304934855	0.642752476346	0.710096886159	0.632258563144	0.631069426653	0.644015991023	0.72990914121	0.571599491193
M3.Pinky.R	0.607096844658	0.642025434003	0.712903612522	0.63574105119	0.63652404249	0.670837153815	0.632750819337	0.711457844237	0.721469278523	0.627009397457	0.747869919174	0.604953998068	0.498457990665	0.5841034528	0.59731226415	0.480967931628	0.0	0.623127636582	0.601289337577	0.677370012636	0.631525756199	0.406817038728	0.613467468194	0.643740884351	0.576707065575	0.458924603575	0.565655575992	0.506907175953	0.628197155563	0.597625367632	0.57431840291	0.598921922285	0.522675201413	0.552441884311	0.495095734249	0.575738128451	0.533084019782	0.500370259304	0.567581885954	0.617147278412	0.588343556001	0.645534367955	0.55997515265	0.502172390084	0.458847536539	0.560717748436	0.621892990585	0.464764130077	0.499134791874	0.425890109011	0.596192677109	0.635523670767	0.602877404043	0.587689653937	0.660776290619	0.657888796379	0.593166116886	0.591707015984	0.49599220008	0.641644210616	0.503381567088	0.63242366512	0.579976542312	0.568054669971	0.607949741181	0.561318340871	0.661462940603	0.609701865193	0.594755948794	0.510265153919	0.585069176989	0.686255349952	0.479834979605	0.655353588794	0.712541313736	0.646384002867	0.578178071341	0.636606313974	0.654051320072	0.584943659188	0.671827360366	0.727568586373	0.563617845455	0.523441244727	0.608703712089	0.621787420672	0.704375089452	0.545077072028	0.628208928238	0.605637949493	0.642809972641	0.530756561623
K3.Enter	0.489274120641	0.473600977608	0.554503483722	0.518225496398	0.433948987543	0.454445375484	0.397688529901	0.49470345316	0.571496939971	0.507449446859	0.577442540171	0.460360546131	0.616099615885	0.666911752133	0.715464597076	0.603256026066	0.623127636582	0.0	0.40093676815	0.440653443354	0.442512687701	0.601091600358	0.535061909006	0.46494428077	0.667065592466	0.632798840201	0.668194045502	0.653475826697	0.525052396163	0.534332384168	0.449666226526	0.513169664037	0.635403604549	0.706445563578	0.607973344517	0.467609803831	0.68457916333	0.581361289446	0.634459644285	0.435374950145	0.476700395263	0.721834985218	0.588070971118	0.605984457357	0.628790036493	0.527639382875	0.48557491933	0.681687375157	0.636831417431	0.666914865927	0.685584429248	0.707131280389	0.710131030935	0.435481303072	0.731906735643	0.68338954247	0.654756450536	0.670950230228	0.63612205649	0.701434896518	0.61921473662	0.542799748616	0.685352960645	0.536143642319	0.389168867067	0.43942851486	0.718077203409	0.688105900232	0.600518418086	0.661602164554	0.691969265174	0.723821548947	0.623087765579	0.578884629134	0.566158819752	0.712006691294	0.630777339455	0.54432059448	0.683264741435	0.684707399484	0.661473818919	0.742802517059	0.710008334936	0.662444107121	0.683805080059	0.474635733586	0.492939473413	0.670223066917	0.661228981331	0.715722465218	0.730825863674	0.678756333777
K3.U	0.478237821392	0.468137563838	0.548262131513	0.486231881364	0.420896872381	0.434832188328	0.385466474477	0.512863256931	0.570532447166	0.538996955794	0.570528441825	0.450883361332	0.603919993556	0.684592658389	0.680175901903	0.591019724887	0.601289337577	0.40093676815	0.0	0.488776809098	0.419301604506	0.62065158498	0.522882079776	0.419953981424	0.653282385367	0.630671829137	0.628001926204	0.619972689144	0.471775201541	0.469462907039	0.438282330197	0.476267417863	0.627698066594	0.706992107805	0.588464401536	0.441311694519	0.673142744047	0.600521573897	0.651965398598	0.463852284823	0.464122314313	0.754298993238	0.583131112399	0.566429280541	0.617881081422	0.502978560088	0.465335102308	0.667629308246	0.665597737507	0.629119275023	0.681945507605	0.713748030959	0.746240741116	0.478928277547	0.738335745148	0.633853663291	0.596546650876	0.633448338733	0.633195025848	0.721157780685	0.619651049832	0.591351464595	0.610703131478	0.566932701399	0.428261692255	0.36481068807	0.740467225051	0.669073864872	0.643899905827	0.669802753117	0.67040855596	0.759768122286	0.617932377503	0.577258814332	0.560204766631	0.711810866943	0.600370986864	0.474339318337	0.682663577047	0.671139667907	0.645326212241	0.744901775669	0.641416781195	0.659924358399	0.673081283301	0.464667375438	0.481854481891	0.663502045639	0.654984534668	0.716722686323	0.733150655906	0.671764671989
K3.Q	0.564298656849	0.384565642041	0.582547986328	0.518953475728	0.40680996015	0.529517684887	0.439447968106	0.479619782783	0.606284519598	0.515787745909	0.552776008037	0.53102885913	0.655482954439	0.711991412407	0.751603620727	0.667308185784	0.677370012636	0.440653443354	0.488776809098	0.0	0.453752089123	0.66919329224	0.576870705694	0.530252651147	0.707777217471	0.705894913316	0.72388915578	0.690148164967	0.588046293595	0.59594511258	0.472843644905	0.597157765017	0.695770371343	0.731131907836	0.675407924813	0.501070249817	0.702686126774	0.661007726155	0.707275948178	0.459849629909	0.539034087796	0.770989791917	0.637348212736	0.64251555474	0.694656580975	0.5797486969	0.421380963952	0.707006196114	0.724617573192	0.720310911205	0.722698448476	0.777025804506	0.753904118577	0.52103942233	0.763616085057	0.767013248543	0.732356886831	0.709919309293	0.676649911765	0.768902299217	0.713668459256	0.668058466803	0.703696746688	0.592624588823	0.440544654764	0.53005873619	0.772364618778	0.745306553526	0.69156576745	0.734378348488	0.70444840895	0.790046900917	0.702470941144	0.574263382694	0.611945034884	0.781093611845	0.720993226409	0.519304389624	0.732519326075	0.686087123393	0.707007399146	0.803855888677	0.738017164302	0.74646899952	0.698646951359	0.463231408038	0.486391548877	0.697282358253	0.718539900135	0.763527246504	0.779980319214	0.725742349649
K3.Space	0.506312512406	0.404347839591	0.58532973595	0.511321562297	0.452356133257	0.50722702548	0.464551524004	0.498269254287	0.598342658208	0.60413019523	0.574542813006	0.514833485999	0.683523385334	0.695805536299	0.756069999333	0.645624403572	0.631525756199	0.442512687701	0.419301604506	0.453752089123	0.0	0.646616138801	0.574145545653	0.446374699509	0.671667270691	0.652946326775	0.675033561376	0.684470383713	0.475151050099	0.529263006514	0.488330238936	0.589936505315	0.664503888545	0.699147273325	0.680739100289	0.443222224916	0.710194639891	0.659886849854	0.658585800934	0.459843621002	0.520539342806	0.799572461404	0.66236651345	0.639825516907	0.653346739077	0.529837247524	0.440907796623	0.712995627876	0.71294421749	0.684106564019	0.72640859981	0.742646934212	0.757934768596	0.483341721969	0.770404798995	0.694216891193	0.655121940181	0.711221264435	0.6588546246	0.759624010819	0.673544071789	0.6332029644	0.710206133279	0.571547219625	0.364695738193	0.471558500414	0.785299010978	0.737856928286	0.649958796092	0.720295725407	0.748558169911	0.778727487452	0.65970449533	0.593578552666	0.621160804308	0.7277550913	0.66624791974	0.566079274212	0.719351635175	0.722089101683	0.680030183298	0.787078364587	0.737253724814	0.731225654227	0.737509247378	0.459184583525	0.450557337767	0.726794861107	0.729384704742	0.774192444755	0.766962986869	0.710262982813
K1.Y	0.632001177952	0.640523001719	0.692963387481	0.64762724735	0.615756768162	0.642186712804	0.603865526832	0.703298723101	0.706081532881	0.607980926961	0.780167825408	0.581353143266	0.518250262474	0.548402151445	0.630709302618	0.501770972858	0.406817038728	0.601091600358	0.62065158498	0.66919329224	0.646616138801	0.0	0.590576765656	0.60667785021	0.536184091022	0.443545745869	0.588153599522	0.530757708541	0.61727699394	0.623836578169	0.555841767326	0.594426524902	0.489445236742	0.531332100497	0.532385853526	0.628031163103	0.590264635964	0.41667415129	0.535525676513	0.61036779665	0.539145775302	0.546074387348	0.523276239275	0.462365386048	0.385121402987	0.597802306814	0.662991428872	0.49461293674	0.494690686249	0.479048110793	0.533787704462	0.615923932544	0.534427466901	0.554756270439	0.59249421894	0.620356385192	0.46478716791	0.541193827033	0.480330034783	0.581335214901	0.516494690482	0.555291280317	0.61480195209	0.545991906032	0.586851136426	0.58667695155	0.60953497399	0.607587823427	0.516395745109	0.487645584032	0.553219593162	0.626922306663	0.474634684312	0.620053421237	0.689752289193	0.596160312866	0.472449502074	0.632561920734	0.621607887737	0.541914197435	0.613508340785	0.648790742016	0.556804028913	0.533411521994	0.552828711332	0.639772044453	0.701543758509	0.506620553554	0.595613716939	0.578850917851	0.5622194527	0.435891701413
M2.Index.R	0.61899691956	0.618189894311	0.615895017685	0.637697030404	0.533434397899	0.600391167497	0.529225394561	0.567052993096	0.652826955422	0.569937543153	0.690344791987	0.490008824927	0.634601806856	0.679839877101	0.643632368122	0.647011606643	0.613467468194	0.535061909006	0.522882079776	0.576870705694	0.574145545653	0.590576765656	0.0	0.548967518054	0.610889320834	0.619629591642	0.608889671863	0.648557661669	0.640317708443	0.600151923779	0.559233499755	0.540640620571	0.60500806476	0.696631855753	0.657642876313	0.580298207087	0.678422844628	0.558755892048	0.599471476158	0.551448389447	0.508181754337	0.686360503416	0.608112154359	0.627114132184	0.637037196725	0.574073699488	0.593744277106	0.727620829981	0.677196527837	0.668924999451	0.6462745163	0.683370669333	0.703528870515	0.512709465352	0.694961731958	0.703939965788	0.642964694354	0.628034862005	0.632243074472	0.70876318456	0.666057683002	0.605542287915	0.622011869268	0.528265700846	0.544351879212	0.544417207364	0.711321969261	0.625779831268	0.628859906069	0.619701875909	0.666631814475	0.72714379701	0.632568040008	0.486178113588	0.640936204257	0.744492532327	0.573336469283	0.524941185638	0.706181528723	0.637562189055	0.707933996597	0.715156889794	0.644499083304	0.67933499714	0.673307976284	0.544004610145	0.636035085165	0.683954291622	0.660341111001	0.720370896529	0.699426187109	0.663061024364
K3.G	0.531848562993	0.512263102891	0.600942713852	0.562113358558	0.418719109978	0.488744354599	0.481650396974	0.513947044878	0.61417729793	0.595103319711	0.604947780796	0.528527906183	0.6723268958	0.667569842291	0.739843876737	0.635999982182	0.643740884351	0.46494428077	0.419953981424	0.530252651147	0.446374699509	0.60667785021	0.548967518054	0.0	0.659650093266	0.637190797904	0.650618354401	0.675955527564	0.472665651207	0.59746069703	0.441446635789	0.593785148178	0.644063015504	0.71751149988	0.675623671987	0.544859625312	0.698194288945	0.586858508668	0.617068713719	0.496459657641	0.530782938786	0.733748392377	0.634195070831	0.633797208217	0.625970717353	0.57117730375	0.523806482344	0.705101052712	0.685675209527	0.680583046717	0.670934840473	0.713892473118	0.735694062057	0.499476391941	0.717707731467	0.708907953491	0.64281613702	0.671525604382	0.68364551843	0.737301854361	0.696918350957	0.560329278262	0.659963158659	0.55643826161	0.464712422422	0.481422023058	0.731368120245	0.655458519225	0.590577452502	0.657799532429	0.672934741052	0.723609377497	0.68271050096	0.547042920748	0.6265554033	0.74872050752	0.618860045498	0.584469301961	0.649394265076	0.656414280772	0.667460624646	0.722075519134	0.65445503969	0.701823510839	0.680430189137	0.50010480724	0.508031208119	0.707542806221	0.670510983105	0.744289527927	0.704218956278	0.681698680263
K1.G	0.607483460257	0.679808472192	0.751074302357	0.720355037408	0.680477380214	0.664498378912	0.670721456304	0.711101360447	0.739646152056	0.694045728905	0.767864505835	0.65845637851	0.651316050657	0.572697421264	0.667291790434	0.611614828858	0.576707065575	0.667065592466	0.653282385367	0.707777217471	0.671667270691	0.536184091022	0.610889320834	0.659650093266	0.0	0.513278442758	0.617324494752	0.561397171817	0.561053393156	0.575264499503	0.653999952677	0.686660135402	0.459352419078	0.631664297788	0.641191631857	0.661074865694	0.551080855863	0.522215585486	0.632202058829	0.639095091074	0.633380241604	0.72135669579	0.609847460616	0.533800813917	0.624596662	0.663965581319	0.671661460738	0.60316942723	0.534687059749	0.558110789448	0.648153423433	0.421383395161	0.629952817844	0.680697708308	0.556046201279	0.663514379096	0.640855103669	0.639701272004	0.583370053418	0.621095835824	0.614517217507	0.563287339453	0.637253681111	0.680780923079	0.645088211473	0.657829407856	0.689653929993	0.68602897802	0.62028147995	0.621440571079	0.68202713134	0.692597995998	0.501679190164	0.653885938132	0.701478864023	0.63528638115	0.577832344081	0.690409771584	0.692466217211	0.667774157031	0.70622153218	0.697171152921	0.649472823851	0.398250664866	0.697548424853	0.66662180317	0.708684151043	0.635476870319	0.69451928014	0.635479720825	0.665682128306	0.653118430273
M3.Thumb.R	0.645219771194	0.676781312687	0.730019170066	0.697694048135	0.656951533787	0.643966806305	0.651778095307	0.734773542818	0.754147946797	0.677249334991	0.804543232206	0.61306241838	0.581943129989	0.45687353892	0.564901592834	0.51919611415	0.458924603575	0.632798840201	0.630671829137	0.705894913316	0.652946326775	0.443545745869	0.619629591642	0.637190797904	0.513278442758	0.0	0.566967774147	0.509810051712	0.69188559911	0.635950831742	0.625539746031	0.639482179588	0.446167902636	0.597267313722	0.56435096049	0.624627817249	0.603454606188	0.539059820853	0.536403503802	0.64429442655	0.572696672681	0.592907887057	0.611700489684	0.51838537387	0.498219901113	0.58465065039	0.657942618942	0.498361027048	0.479459765824	0.467492928754	0.551658562852	0.628408838562	0.61572110572	0.62695498528	0.606790773398	0.630533228063	0.603823892944	0.616356907396	0.565421683057	0.570712491682	0.527975972922	0.530495447174	0.593276481149	0.600630885875	0.647566328445	0.603577529399	0.576559181701	0.633931559336	0.577119643109	0.532928014257	0.619136248814	0.614916167483	0.486250326738	0.678326657014	0.717311429542	0.61621255237	0.494437396107	0.685982423725	0.639094514951	0.599703634212	0.687330476685	0.644287059492	0.555932711519	0.499016246178	0.603061616252	0.693393960466	0.735213120548	0.559490544191	0.63313257555	0.496545633168	0.651914843442	0.555804808001
K1.R	0.689288557361	0.713402523625	0.721671882982	0.65562344348	0.695356350156	0.683226786044	0.681440792302	0.747334348819	0.738033172908	0.724719159654	0.741263684349	0.664373480648	0.56076934037	0.512712199568	0.495674430509	0.533017315162	0.565655575992	0.668194045502	0.628001926204	0.72388915578	0.675033561376	0.588153599522	0.608889671863	0.650618354401	0.617324494752	0.566967774147	0.0	0.585160941541	0.697487658295	0.630134633358	0.679438622404	0.642091020805	0.49713848152	0.695194258301	0.551054997226	0.623203315013	0.561286513246	0.567824352928	0.527907836373	0.647067475782	0.628583450749	0.689509409267	0.597669351369	0.623355595677	0.584950551858	0.546215707377	0.623557769303	0.588944405264	0.565666688238	0.572888933763	0.574410205057	0.712253630037	0.561713808873	0.64605931381	0.606787516603	0.607477472796	0.634264494473	0.593401324965	0.544094403482	0.763845279112	0.553856500543	0.68916416347	0.355658056188	0.597247142128	0.673669058943	0.627690070089	0.660459425079	0.597158328682	0.611941210621	0.619858517085	0.631967299737	0.646703212806	0.636350369698	0.665968323258	0.73412732241	0.729488875461	0.589558638886	0.687500165073	0.678603352572	0.622824381797	0.725129741264	0.631008784636	0.539657941906	0.648697623422	0.652064783788	0.637289710194	0.737132389345	0.684977608514	0.558597340579	0.680219228989	0.667708188772	0.607251153358
K1.M	0.631371159709	0.652120318575	0.708488799383	0.636718337661	0.652225157207	0.678839488234	0.656605329635	0.728791216708	0.712834613157	0.686200120725	0.766239774028	0.600416987657	0.564276632846	0.597368545059	0.563824823128	0.554510451337	0.506907175953	0.653475826697	0.619972689144	0.690148164967	0.684470383713	0.530757708541	0.648557661669	0.675955527564	0.561397171817	0.509810051712	0.585160941541	0.0	0.677384824172	0.64217912524	0.617457903024	0.644941399787	0.485601930735	0.522735640504	0.52534382899	0.59666588806	0.617448483678	0.572444070398	0.66938655245	0.622983125061	0.639064821331	0.663118418892	0.517029718376	0.553294989055	0.568646273755	0.601043303243	0.677931080451	0.501283198592	0.470766836361	0.443426724138	0.654585301865	0.602682889444	0.535259829584	0.646753555237	0.61559851556	0.669461044845	0.6648593725	0.683781122521	0.537034044387	0.640811462806	0.55252925917	0.610223437749	0.517032562091	0.603162007952	0.642401686034	0.614040879714	0.631664055412	0.680935884842	0.626013070019	0.589415044739	0.562103057683	0.691208130831	0.425157982804	0.702114260249	0.671917712014	0.604118619546	0.597686348974	0.681735310074	0.658314819966	0.612334905939	0.69509970963	0.680356798813	0.587151544232	0.556918180116	0.67146565543	0.66104831425	0.711316981831	0.62664323362	0.671274278715	0.463237537136	0.659901875902	0.612097634752
